Current algorithms:
Algorithm cycle_4: 5*(s b' t' b' t' s t')
Algorithm length: 35 moves
Alg. order: 4
Alg. affects 4 pieces:
 [{30, 7}, {27, 4}, {33, 10}, {0, 24}]
Algorithm cycle_2_2: 2*(t b t' b b b s t b s b t')
Algorithm length: 24 moves
Alg. order: 2
Alg. affects 4 pieces:
 [{40, 14}, {20, 46}, {27, 4}, {33, 10}]
Algorithm cycle_5: 4*(b s t' t' b t' s b' s b' s)
Algorithm length: 44 moves
Alg. order: 5
Alg. affects 5 pieces:
 [{32, 9}, {13, 39}, {29, 6}, {43, 17}, {16, 42}]
Algorithm cycle_2_2*: 1*(b' t' b s b' b' t' b s t t b)
Algorithm length: 12 moves
Alg. order: 2
Alg. affects 4 pieces:
 [{8, 31}, {41, 15}, {21, 47}, {25, 2}]
Algorithm flip_middle: 9*(s t' t')
Algorithm length: 27 moves
Alg. order: 2
Alg. affects 1 pieces:
 [{48, 49, 50, 51, 52, 53}]
Algorithm cycle_3: 2*(s t' b' s b s t' s t s t)
Algorithm length: 22 moves
Alg. order: 3
Alg. affects 3 pieces:
 [{8, 31}, {21, 47}, {32, 9}]

================================================================

'cycle_4': (53)(0 4 7 10)(24 27 30 33),
'cycle_2_2': (53)(4 10)(14 20)(27 33)(40 46),
'cycle_5': (53)(6 16 17 13 9)(29 42 43 39 32),
'cycle_2_2*': (53)(2 15)(8 21)(25 41)(31 47),
'flip_middle': (48 53)(49 52)(50 51),
'cycle_3': (53)(8 21 9)(31 47 32),

===============================================================

cycle_4: [4, 1, 2, 3, 7, 5, 6, 10, 8, 9, 0, 11, 12, 13, 14, 15, 16, 17, 18, 19, 20, 21, 22, 23, 27, 25, 26, 30, 28, 29, 33, 31, 32, 24, 34, 35, 36, 37, 38, 39, 40, 41, 42, 43, 44, 45, 46, 47, 48, 49, 50, 51, 52, 53, 54, 55, 56, 57, 58, 59]
cycle_2_2: [0, 1, 2, 3, 10, 5, 6, 7, 8, 9, 4, 11, 12, 13, 20, 15, 16, 17, 18, 19, 14, 21, 22, 23, 24, 25, 26, 33, 28, 29, 30, 31, 32, 27, 34, 35, 36, 37, 38, 39, 46, 41, 42, 43, 44, 45, 40, 47, 48, 49, 50, 51, 52, 53, 54, 55, 56, 57, 58, 59]
cycle_5: [0, 1, 2, 3, 4, 5, 16, 7, 8, 6, 10, 11, 12, 9, 14, 15, 17, 13, 18, 19, 20, 21, 22, 23, 24, 25, 26, 27, 28, 42, 30, 31, 29, 33, 34, 35, 36, 37, 38, 32, 40, 41, 43, 39, 44, 45, 46, 47, 48, 49, 50, 51, 52, 53, 54, 55, 56, 57, 58, 59]
cycle_2_2*: [0, 1, 15, 3, 4, 5, 6, 7, 21, 9, 10, 11, 12, 13, 14, 2, 16, 17, 18, 19, 20, 8, 22, 23, 24, 41, 26, 27, 28, 29, 30, 47, 32, 33, 34, 35, 36, 37, 38, 39, 40, 25, 42, 43, 44, 45, 46, 31, 48, 49, 50, 51, 52, 53, 54, 55, 56, 57, 58, 59]
flip_middle: [0, 1, 2, 3, 4, 5, 6, 7, 8, 9, 10, 11, 12, 13, 14, 15, 16, 17, 18, 19, 20, 21, 22, 23, 24, 25, 26, 27, 28, 29, 30, 31, 32, 33, 34, 35, 36, 37, 38, 39, 40, 41, 42, 43, 44, 45, 46, 47, 53, 52, 51, 50, 49, 48, 54, 55, 56, 57, 58, 59]
cycle_3: [0, 1, 2, 3, 4, 5, 6, 7, 21, 8, 10, 11, 12, 13, 14, 15, 16, 17, 18, 19, 20, 9, 22, 23, 24, 25, 26, 27, 28, 29, 30, 47, 31, 33, 34, 35, 36, 37, 38, 39, 40, 41, 42, 43, 44, 45, 46, 32, 48, 49, 50, 51, 52, 53, 54, 55, 56, 57, 58, 59]
